969,5
969,4
969,3
969,2
969,1
969,0
0,460
968,4
968,3
968,2
968,1
968,0
967,3
967,2
0,459
0,458
967,1
967,0
966,5
966,4
966,3
966,2
966,1
966,0
965,4
965,3
965,2
965,1
965,0
964,3
964,2
964,1
964,0
963,4
963,3
963,2
963,1
963,0
962,3
962,2
962,1
962,0
0,456
0,453
961,5
961,4
961,3
961,2
961,1
961,0
0,445
14,5
14,4
960,4
960,3
960,2
0,444
0,439
960,1
960,0
959,3
959,2
959,1
959,0
0,438
958,5
958,4
958,3
958,2
958,1
958,0
0,436
957,4
957,3
957,2
957,1
957,0
956,3
956,2
956,1
956,0
955,4
955,3
955,2
955,1
955,0
0,434
954,5
954,4
954,3
954,2
954,1
954,0
0,433
953,4
953,3
953,2
953,1
953,0
952,3
952,2
952,1
952,0
0,429
0,427
951,5
951,4
951,3
951,2
951,1
951,0
950,4
950,3
950,2
950,1
950,0
949,3
949,2
949,1
949,0
948,4
948,3
948,2
948,1
948,0
947,3
947,2
947,1
947,0
0,425
946,4
946,3
946,2
946,1
946,0
945,5
945,4
945,3
945,2
945,1
945,0
944,4
944,3
944,2
944,1
944,0
943,4
943,3
943,2
943,1
943,0
942,4
942,3
942,2
942,1
942,0
941,3
941,2
941,1
941,0
915,4
915,2
915,0
0,424
